กรุงเทพอภิวัฒน์
1
11
28

บางบำหรุ
2
11
17

ศาลายา
3
1
0

นครปฐม
4
1
29

บ้านโป่ง
5
1
49

โพธาราม
6
169
63

ราชบุรี
7
1
82

ปากท่อ
8
169
100

เพชรบุรี
9
1
131

ชะอำ
10
2
168

หัวหิน
11
1
194

วังก์พง
12
10
214

ปราณบุรี
13
169
217

กุยบุรี
14
167
252

ประจวบคีรีขันธ์
15
1
283

ทับสะแก
16
2
323

บ้านกรูด
17
100
342

บางสะพานใหญ่
18
10
358

บางสะพานน้อย
19
167
374

มาบอำมฤต
20
2
402

ปะทิว
21
100
420

ชุมพร
22
1
450

สวี
23
4
482

ปากตะโก
24
167
498

หลังสวน
25
100
514

ละแม
26
100
535

ท่าชนะ
27
4
559

ไชยา
28
10
579

ท่าฉาง
29
167
592

สุราษฎร์ธานี
30
1
616

บ้านนา
31
167
643

นาสาร
32
10
655

บ้านส้อง
33
10
674

ห้วยปริก
34
167
686

กระเบียด
35
167
691

ทานพอ
36
2
698

ฉวาง
37
169
703

คลองจันดี
38
10
709

นาบอน
39
2
724

คลองจัง
40
167
728

ชุมทางทุ่งสง
41
1
738

ที่วัง
42
167
747

กะปาง
43
167
757

ห้วยยอด
44
83
782

ตรัง
45
83
810

กันตัง
46
167
831

ชุมทางเขาชุมทอง
47
5
762

ชะอวด
48
3
787

บ้านขอนหาด
49
169
800

แหลมโตนด
50
169
805

ปากคลอง
51
169
814

พัทลุง
52
111
827

เขาชัยสน
53
169
846

บางแก้ว
54
169
851

หารเทา
55
169
870

ควนเนียง
56
169
884

ชุมทางหาดใหญ่
57
111
910

จะนะ
58
337
946

เทพา
59
3
973

ปัตตานี
60
337
990

นาประดู่
61
3
998

วัดช้างให้
62
171
1001

ยะลา
63
337
1020

รามัน
64
171
1038

รือเสาะ
65
985
1052

มะรือโบ
66
171
1070

ตันหยงมัส
67
985
1081

เจาะไอร้อง
68
171
1092

สุไหงปาดี
69
985
1111

สุไหงโก-ลก
70
985
1124

บ้านทุ่งหล่อ
71
85
772

โคกคราม
72
85
776

นครศรีธรรมราช
73
85
797